43200
2
93
19
0	0	0	0	0	0	0	0	0	0	0	0	0	0	0	0	0	0	0
0	1	0	1	0	0	0	1	0	1	0	0	1	0	0	1	0	0	1
1	0	0	1	0	0	0	1	0	1	0	0	1	0	0	1	0	0	1
0	1	0	1	0	0	1	0	0	1	0	0	1	0	0	1	0	0	1
0	1	0	1	0	1	0	0	0	1	0	0	0	1	0	1	0	0	1
0	1	0	1	0	0	0	1	0	1	0	0	1	0	0	1	0	0	1
0	1	0	1	0	0	1	0	0	0	1	0	1	0	0	1	0	0	1
0	1	0	0	1	1	0	0	0	1	0	0	1	0	0	1	0	0	1
0	1	0	0	1	1	0	0	0	0	1	1	0	0	1	0	0	0	1
0	1	0	0	1	0	1	0	0	0	1	0	0	1	0	0	1	0	1
0	1	0	1	0	0	1	0	0	1	0	0	0	1	0	1	0	0	1
0	1	1	0	0	0	1	0	1	0	0	0	0	1	0	1	0	0	1
0	1	1	0	0	1	0	0	0	1	0	0	1	0	0	1	0	0	1
0	1	0	0	1	0	0	1	0	0	1	0	1	0	0	1	0	0	1
0	1	0	0	1	1	0	0	0	1	0	0	1	0	1	0	0	0	1
1	0	0	1	0	1	0	0	0	0	1	0	0	1	0	1	0	0	1
0	1	0	0	1	1	0	0	0	0	1	1	0	0	1	0	0	0	1
0	1	0	1	0	0	1	0	1	0	0	0	0	1	0	0	1	0	1
0	1	0	0	1	1	0	0	0	0	1	0	1	0	0	1	0	0	1
1	0	0	1	0	1	0	0	0	1	0	0	1	0	0	1	0	0	1
0	1	0	0	1	0	0	1	0	1	0	1	0	0	0	1	0	0	1
1	0	1	0	0	0	0	1	1	0	0	1	0	0	1	0	0	0	1
0	1	0	0	1	0	1	0	0	1	0	1	0	0	0	1	0	0	1
1	0	0	1	0	1	0	0	0	1	0	0	1	0	0	1	0	0	1
0	1	0	1	0	0	0	1	0	0	1	1	0	0	0	1	0	0	1
1	0	1	0	0	0	1	0	0	1	0	1	0	0	0	1	0	0	1
0	1	0	1	0	1	0	0	0	0	1	0	1	0	1	0	0	0	1
1	0	1	0	0	1	0	0	0	1	0	0	1	0	1	0	0	0	1
0	1	0	0	1	1	0	0	0	1	0	0	1	0	0	1	0	0	1
1	0	1	0	0	1	0	0	0	1	0	0	1	0	0	1	0	0	1
0	1	0	1	0	1	0	0	0	1	0	1	0	0	0	0	1	0	1
0	1	0	0	1	0	0	1	0	1	0	0	1	0	0	1	0	0	1
0	1	0	1	0	1	0	0	0	0	1	1	0	0	0	0	1	0	1
0	1	0	1	0	0	1	0	0	0	1	0	1	0	0	1	0	0	1
0	1	0	1	0	1	0	0	0	1	0	1	0	0	0	1	0	0	1
0	1	1	0	0	1	0	0	1	0	0	0	0	1	0	0	1	0	1
0	1	0	0	1	1	0	0	0	1	0	0	0	1	0	0	1	0	1
0	1	0	1	0	0	1	0	0	1	0	0	0	1	0	1	0	0	1
1	0	0	1	0	0	0	1	0	1	0	0	1	0	0	1	0	0	1
0	1	0	1	0	1	0	0	0	1	0	0	1	0	1	0	0	1	0
0	1	0	1	0	1	0	0	1	0	0	0	0	1	1	0	0	0	1
0	1	1	0	0	0	0	1	0	1	0	0	1	0	1	0	0	1	0
0	1	1	0	0	1	0	0	1	0	0	0	0	1	0	0	1	1	0
0	1	0	1	0	1	0	0	0	1	0	1	0	0	1	0	0	0	1
0	1	0	0	1	0	0	1	0	0	1	0	1	0	0	1	0	0	1
0	1	1	0	0	1	0	0	1	0	0	0	1	0	0	1	0	1	0
0	1	1	0	0	0	0	1	0	1	0	0	0	1	0	1	0	1	0
1	0	1	0	0	0	1	0	0	1	0	0	0	1	0	1	0	1	0
0	1	0	1	0	0	1	0	0	1	0	1	0	0	0	1	0	0	1
0	1	0	1	0	0	0	1	0	0	1	0	1	0	0	1	0	0	1
0	1	0	1	0	1	0	0	0	1	0	1	0	0	0	1	0	0	1
1	0	1	0	0	0	0	1	0	1	0	1	0	0	0	1	0	0	1
0	1	0	1	0	1	0	0	0	0	1	1	0	0	0	1	0	0	1
1	0	0	1	0	0	0	1	1	0	0	0	0	1	0	0	1	0	1
0	1	0	0	1	0	0	1	0	0	1	0	1	0	0	1	0	0	1
0	1	0	1	0	0	0	1	0	1	0	0	1	0	0	1	0	0	1
0	1	1	0	0	0	1	0	1	0	0	0	0	1	0	1	0	0	1
0	1	0	1	0	0	0	1	0	1	0	1	0	0	0	1	0	0	1
0	1	1	0	0	1	0	0	0	1	0	0	0	1	1	0	0	0	1
0	1	0	1	0	0	1	0	0	1	0	0	1	0	0	1	0	0	1
0	1	0	0	1	1	0	0	0	0	1	0	1	0	0	1	0	0	1
0	1	0	0	1	0	0	1	0	1	0	0	1	0	0	1	0	0	1
0	1	0	1	0	0	1	0	0	1	0	0	1	0	0	1	0	0	1
0	1	0	1	0	1	0	0	0	0	1	0	1	0	0	1	0	0	1
0	1	0	1	0	1	0	0	1	0	0	0	1	0	0	0	1	0	1
1	0	0	1	0	1	0	0	0	0	1	1	0	0	0	1	0	0	1
0	1	0	0	1	0	1	0	0	0	1	0	1	0	0	1	0	0	1
1	0	1	0	0	0	1	0	0	1	0	1	0	0	1	0	0	1	0
0	1	0	1	0	0	0	1	0	1	0	0	1	0	0	1	0	0	1
0	1	0	0	1	1	0	0	0	0	1	1	0	0	0	1	0	0	1
1	0	0	1	0	1	0	0	1	0	0	1	0	0	0	1	0	0	1
0	1	0	1	0	0	1	0	0	0	1	0	1	0	0	1	0	0	1
0	1	0	0	1	0	0	1	0	1	0	0	1	0	0	1	0	0	1
0	1	1	0	0	1	0	0	1	0	0	0	0	1	1	0	0	1	0
0	1	1	0	0	1	0	0	0	1	0	0	1	0	0	1	0	1	0
1	0	1	0	0	1	0	0	1	0	0	0	0	1	0	1	0	0	1
0	1	0	1	0	0	1	0	0	1	0	0	1	0	0	1	0	1	0
0	1	0	0	1	1	0	0	0	0	1	1	0	0	0	0	1	0	1
0	1	0	0	1	1	0	0	0	1	0	1	0	0	0	0	1	0	1
0	1	0	0	1	1	0	0	0	1	0	0	0	1	1	0	0	0	1
0	1	0	1	0	1	0	0	0	1	0	0	1	0	0	0	1	1	0
0	1	0	1	0	1	0	0	0	1	0	1	0	0	0	1	0	1	0
0	1	0	0	1	1	0	0	0	1	0	0	1	0	0	1	0	0	1
0	1	1	0	0	1	0	0	1	0	0	1	0	0	0	1	0	0	1
0	1	1	0	0	0	1	0	1	0	0	0	0	1	0	1	0	0	1
0	1	0	0	1	1	0	0	0	1	0	1	0	0	1	0	0	0	1
0	1	0	0	1	0	0	1	0	1	0	0	1	0	0	1	0	0	1
1	0	1	0	0	0	1	0	0	1	0	0	0	1	1	0	0	1	0
0	1	0	0	1	1	0	0	0	0	1	1	0	0	0	0	1	0	1
0	1	0	1	0	1	0	0	0	0	1	1	0	0	0	0	1	1	0
1	0	1	0	0	0	1	0	0	1	0	0	0	1	1	0	0	0	1
0	1	0	0	1	0	1	0	0	0	1	1	0	0	0	1	0	0	1
0	1	0	0	1	1	0	0	0	1	0	0	1	0	0	0	1	0	1
0	1	1	0	0	1	0	0	1	0	0	0	0	1	0	1	0	1	0
0	4402	6100	6821	6835	6949	7755	8485	4629	6149	4942	6336	6048	7877	5312	7467	6316	6399	7939	5730	4794	5488	5524	7971	6829	6179	5205	7835	5450	7154	6668	5101	7849	7609	4925	5631	7156	7203	7674	6894	5306	6982	6304	5190	6488	6038	6451	7237	6753	7316	5908	4779	7430	6555	7324	4710	6643	4874	4333	6475	8902	4669	5047	6985	7104	5950	5502	7061	4283	7635	6696	6893	7234	6190	5806	7446	6685	8251	4843	6906	6462	6329	5622	5627	5869	5672	7125	7068	7590	5915	7025	7619	7242	5826
788	0	5767	7172	7187	6616	8107	8836	4932	5816	5281	6687	6400	7134	4979	7134	6668	6750	8291	5397	4711	5840	4782	8322	6496	6531	4976	8187	5117	7505	6335	4359	7516	7960	4592	5982	6823	6909	8026	7246	4973	7333	6655	4856	5746	6389	6803	7589	7105	6983	5575	5130	7781	6222	6991	3967	6995	4131	4910	6142	8698	4371	4446	6652	7455	5617	4759	7413	4587	7826	7047	7245	6492	6541	6157	7797	7036	8602	4100	6573	6813	6680	5926	5978	6221	5156	6792	7419	7941	6266	7376	7286	6909	6178
2400	5665	0	7221	8334	4560	8173	6670	6910	4131	5590	7834	7547	5528	4944	5414	7815	7897	7215	4328	6776	6987	5403	7463	4439	7678	5285	7990	5065	8652	4279	5562	5796	6823	4982	7129	4767	6728	7525	7869	4921	7384	7802	5003	5796	7656	7950	8212	7685	4816	4124	6277	7756	4055	4935	6041	6993	5949	6636	4086	6532	6436	6045	6472	7381	5565	5020	7808	6565	6106	8194	7825	6170	7504	7304	8944	7056	7183	5679	6393	7695	7684	7904	7125	7368	4632	4736	7913	8519	7413	8523	5566	4742	7325
3224	7301	7202	0	5924	8161	4553	7197	7683	7440	6640	5424	6330	9129	6602	5709	4836	5488	6651	7021	7852	5770	7734	6683	8041	6461	6769	6547	6529	5882	7880	7893	6091	6321	6619	5525	8368	4451	6386	5606	6385	5693	5032	6488	8127	4375	5180	5949	4404	6226	7199	6049	6141	6746	8536	7595	3844	7759	7139	7687	7614	7680	7682	4692	4352	5368	7351	5773	7337	6346	5930	4544	8873	4223	4606	6296	5396	6963	7729	4443	5173	5040	8676	5521	6151	6963	8337	5780	4898	4610	5754	5861	7282	4839
3084	7148	8217	5874	0	9067	6808	7538	7543	8266	6500	4099	4824	10035	7429	7551	5655	4764	6992	7847	7712	5630	8270	7024	8946	5137	6820	6888	7568	4834	8786	7847	7071	6662	7043	5385	9274	6362	6728	5947	7424	6035	5196	7118	8954	5091	5398	5993	5806	8136	8026	5909	6483	8656	9442	7455	5754	7619	6999	8593	7955	7540	7549	6602	6262	7278	8178	6114	7197	6688	4193	5946	9700	5243	4859	4291	5738	7304	7589	6354	5515	5382	8536	5381	5003	7790	9243	6121	6643	5430	5319	7702	9192	4880
3261	6526	4528	8149	9195	0	9102	7598	7772	4992	6451	8696	8408	5558	5805	6343	8676	8759	8144	5189	7638	7848	6264	8392	4213	8539	6146	8919	5927	9514	4331	6423	6724	7751	5844	7991	4540	7657	8453	8798	5783	8313	8664	5865	6657	8398	8811	9141	8614	5745	4986	7138	8685	4984	4965	6903	7921	6810	7498	4444	7460	7298	6907	7400	8309	6426	5881	8737	7426	7035	9056	8754	6201	8432	8166	9806	7985	8111	6540	7321	8624	8612	8765	7987	8229	5493	4275	8841	9448	8275	9385	6494	5671	8186
4186	8263	8163	4562	6874	9123	0	8147	8645	8402	7601	6375	7292	10091	7564	6671	5798	6438	7601	7983	8814	6732	8695	7633	9003	7423	7731	7497	7491	6833	8842	8855	7053	7271	7580	6487	9330	5413	7336	6556	7347	6644	5983	7450	9089	5325	6130	6899	4663	7188	8161	7011	7092	7708	9498	8557	4805	8721	8101	8649	8564	8642	8644	5654	5314	6330	8313	6723	8299	7297	6880	4462	9835	5173	5556	7246	6347	7913	8691	5405	6124	5991	9638	6483	7113	7925	9299	6730	4062	5572	6704	6823	8244	5789
4941	8726	6661	7369	7590	7621	8304	0	9400	7192	8357	7091	8047	8589	8005	6618	7161	7154	4146	7389	9570	7487	8464	5191	7501	8178	8346	5055	8127	7367	7340	8623	6759	5794	8044	7243	7828	7857	4455	6144	7983	5191	6584	8065	8857	6586	6731	6224	7302	6020	7185	7767	4701	6206	7996	9103	7249	9010	8856	7147	5486	9497	9107	7675	7757	7840	8081	5408	9055	6375	7596	7442	9232	6738	6570	7848	5965	5471	8740	7596	5971	5959	10394	7239	7868	7693	7797	5707	8138	6936	6882	6769	5519	6505
1083	4909	6920	7641	7655	7769	8576	9305	0	6969	5762	7156	6868	8384	6132	8287	7137	7219	8760	6550	5133	6309	6031	8791	7649	6999	6025	8656	6270	7974	7488	5608	8669	8429	5745	6451	7976	8024	8495	7715	6126	7802	7124	6010	6995	6858	7272	8058	7574	8136	6728	5599	8250	7375	8144	5217	7464	5381	4857	7295	9723	5108	5755	7806	7924	6770	6009	7881	4118	8455	7516	7714	7741	7010	6626	8266	7505	9071	5350	7727	7282	7149	4793	6447	6690	6406	7945	7888	8410	6735	7845	8439	8062	6647
2491	5756	4134	7440	8424	4983	8393	7203	7001	0	5681	7925	7637	5951	5034	5948	7906	7988	7749	4419	6867	7078	5493	7997	4863	7768	5375	8524	5156	8743	4702	5653	6329	7356	5073	7220	5190	6948	8058	8403	5012	7918	7893	5094	5887	7627	8040	8746	7904	5350	4215	6368	8290	4589	5358	6132	7212	6039	6727	4509	7065	6527	6136	6691	7600	5655	5111	8342	6656	6640	8285	8045	6594	7723	7395	9035	7590	7716	5770	6612	8051	7918	7995	7216	7458	4723	5159	8446	8738	7504	8614	6099	5276	7416
1271	5123	5655	6496	6510	6504	7431	8160	5781	5704	0	6011	5892	7473	4866	6857	5992	6074	7615	5285	5796	5332	5998	7646	6384	6023	3921	7511	4840	6829	6223	5882	7238	7284	4613	5306	6711	6631	7350	6570	4695	6657	5979	4219	6391	5713	6127	6913	6429	6871	5463	4949	7105	6110	6879	5490	6319	5654	5511	6030	8587	5623	5504	6375	6779	5339	5615	6736	5436	7310	6517	6569	7137	5865	5481	7121	6360	7926	5624	6296	6137	6004	6775	5302	5713	5227	6680	6743	7265	5590	6700	7008	6797	5502
2584	6648	7718	5375	4099	8567	6309	7039	7043	7767	6000	0	4634	9535	6930	7051	5156	4264	6493	7348	7213	5130	7771	6524	8447	4947	6321	6389	7069	5254	8286	7347	6572	6163	6543	4886	8774	5862	6228	5448	6924	5535	4696	6619	8454	4591	4927	5791	5307	7637	7526	5410	5983	8157	8942	6956	5254	7120	6499	8093	7456	7040	7050	6103	5763	6778	7678	5615	6698	6188	4106	5447	9200	4743	4360	4710	5238	6805	7089	5854	5015	4882	8037	4882	4813	7290	8743	5621	6143	4930	5501	7203	8693	4380
2326	6390	7460	6362	4824	8309	7296	8025	6785	7509	5906	4618	0	9278	6672	8002	5857	5282	7480	7090	6955	4440	7513	7511	8189	3913	6227	7376	6811	5616	8028	7089	7559	7149	6285	5171	8516	6744	7215	6435	6666	6522	5714	6525	8196	5578	5945	6775	6294	8519	7268	5152	6970	7915	8684	6698	6184	6862	6242	7835	8443	6782	6792	6984	6644	7310	7420	6602	6440	7175	4248	6434	8942	5730	5346	5073	6225	7792	6831	6736	6002	5869	7779	5167	3779	7032	8485	6608	7130	5455	6101	8153	8602	5367
4268	7112	5526	9147	10193	5550	10100	8596	8412	5990	7449	9694	9406	0	6803	7341	9674	9757	9142	6187	8163	8846	6348	9390	4946	9537	7144	9917	6925	10512	4849	6508	7722	8749	6842	8988	5702	8655	9451	9795	6780	9311	9662	6863	4989	9395	9809	10138	9611	6743	5983	8136	9683	5982	4193	6987	8919	6895	8390	5101	8458	7576	7831	8398	9307	7424	5966	9735	8066	8033	10054	9752	4242	9430	9164	10803	8983	9109	6625	8319	9622	9610	8777	8984	9227	6128	5726	9839	10445	9273	10383	7492	6669	9184
1657	4922	4942	6602	7590	5792	7555	8012	6167	4991	4843	7091	6803	6760	0	6335	7071	7154	8558	4573	6033	6244	5285	8806	5671	6934	4538	8591	4318	7909	5511	5445	6717	7743	4239	6386	5999	6110	8430	7649	4174	7737	7059	4256	5679	6793	7206	7993	7067	6159	4751	5534	8185	5398	6167	5289	6374	5453	5893	5318	7874	5693	5302	5853	6762	4818	4903	7816	5822	7027	7451	7207	6425	6885	6561	8201	7440	8525	5422	5774	7217	7084	7161	6382	6624	4515	5968	7823	7901	6670	7780	6487	6085	6582
3795	7060	5396	5710	7673	6356	6663	6645	8305	5927	6834	7174	7945	7324	6361	0	6452	7237	6654	6124	8171	7385	7199	6822	6236	8076	6528	6687	6288	7517	6075	7358	4154	5181	6378	7141	6563	5218	6359	6227	6144	5742	6667	6247	7592	6145	6814	6570	6175	4421	5920	7665	6114	4941	6731	7427	5482	7591	8031	5882	6752	7831	7441	4962	5870	5127	6816	6166	7960	4464	7679	6315	7967	5993	6377	7931	5414	7103	7475	4883	6053	6042	9299	7137	7766	6428	6532	6271	7009	6225	7157	3752	5477	6588
2699	6763	7905	4823	5653	8682	5776	7011	7158	7881	6115	5154	5805	9650	7044	6413	0	5217	6465	7462	7327	5245	7885	6497	8561	5936	6435	6361	7233	5697	8401	7462	6544	6135	6658	5000	8889	5155	6200	5420	7089	5507	4846	6733	8569	4231	4994	5763	4899	6930	7641	5524	5955	7450	9057	7070	4595	7234	6614	8208	7428	7155	7164	5396	5056	6071	7793	5587	6812	6160	5659	5039	9315	4383	4405	6110	5210	6777	7204	5147	4988	4854	8151	4996	5626	7405	8858	5594	5736	4052	5568	6564	7986	4638
2656	6720	7790	5447	4748	8640	6381	7111	7116	7839	6072	4248	5282	9608	7002	7123	5228	0	6565	7420	7285	5203	7843	6597	8519	5595	6393	6461	7141	5254	8358	7420	6644	6235	6615	4958	8846	5934	6300	5520	6997	5608	4320	6691	8526	4663	4551	5799	5379	7709	7598	5482	6055	8229	9015	7028	5327	7192	6572	8165	7528	7112	7122	6175	5835	6851	7750	5687	6770	6261	4754	5519	9272	4815	4432	5358	5310	6877	7161	5926	5088	4954	8109	4954	5461	7362	8816	5694	6216	5003	5125	7275	8765	4452
4396	8459	7207	6824	7045	8167	7758	4146	8855	7738	7812	6545	7502	9135	8551	6693	6615	6608	0	7935	9024	6942	9010	4645	8046	7633	8132	4510	8672	6821	7886	9169	6213	5249	8355	6697	8374	7311	3910	5599	8528	4646	6038	8430	9403	6040	6186	5679	6756	6565	7731	7221	4155	6752	8542	8767	6703	8931	8311	7693	5577	8852	8861	7552	7212	8023	8627	4862	8509	5830	7051	6896	9777	6192	6025	7302	5420	4925	8901	7303	5425	5413	9848	6693	7323	8239	8343	5161	7593	6390	6336	6844	6065	5960
2072	5337	4330	7021	8006	5180	7974	7400	6582	4379	5262	7506	7219	6148	4616	6145	7487	7569	7946	0	6489	6659	4675	8194	5059	7350	4957	8721	4737	8324	4899	4834	6526	7553	4654	6801	5387	6529	8255	8065	4593	8115	7474	4675	5068	7208	7622	8408	7486	5547	4139	5949	8487	4786	5555	5314	6793	5221	6308	4706	7262	5902	5717	6273	7181	5237	4292	8232	6237	6837	7866	7626	5814	7304	6976	8616	7787	7913	4951	6193	7632	7499	7576	6797	7040	3904	5356	8238	8320	7085	8195	6296	5473	6997
1183	4683	6850	7868	7882	7699	8802	9532	5170	6899	5834	7382	7095	8119	6062	8217	7363	7446	8986	6445	0	6535	5766	9017	7579	7226	6059	8882	6200	8201	7418	5343	8599	8656	5675	6677	7906	7992	8721	7941	6056	8028	7351	5940	6730	7084	7498	8284	7800	8066	6658	5825	8476	7305	8074	5028	7690	5115	5148	7225	9781	4565	5530	7736	8151	6700	5744	8108	4824	8681	7743	7940	7476	7236	6853	8492	7731	9298	5085	7657	7508	7375	6164	6673	6916	6141	7875	8114	8636	6962	8072	8369	7992	6873
1750	5814	6884	5786	5673	7734	6720	7450	6210	6933	5330	5300	4450	8702	6096	7426	5281	5364	6904	6514	6379	0	6937	6936	7613	4581	5651	6800	6235	6119	7453	6514	6983	6574	5710	4595	7940	6168	6639	5859	6091	5946	5269	5949	7620	5002	5416	6202	5718	7943	6693	4576	6394	7339	8109	6122	5608	6286	5666	7259	7867	6206	6216	6409	6069	6734	6844	6026	5864	6599	5097	5858	8367	5154	4771	5922	5649	7216	6256	6160	5426	5293	7203	4591	4271	6456	7910	6033	6555	4880	5990	7577	8026	4791
1924	4768	5399	7738	8323	6248	8691	8469	6068	5448	5979	7823	7536	6342	5333	7213	7804	7886	9014	4668	5819	6976	0	9262	6128	7667	5674	9323	5455	8641	5967	4164	7595	8621	5372	7118	6455	7246	9162	8382	5310	8469	7791	5392	4954	7525	7939	8725	8203	6615	5207	6266	8917	5854	6623	4644	7511	4551	6046	5774	8330	5232	5487	6990	7899	5954	3967	8549	5723	7905	8183	8343	5700	7677	7293	8933	8172	8982	4281	6911	7949	7816	7062	7114	7357	4364	6424	8555	9037	7402	8512	7365	6541	7314
4329	8393	7471	6758	6978	8431	7692	5251	8789	8002	7745	6479	7435	9399	8815	6772	6549	6542	4706	8199	8958	6876	9274	0	8311	7566	8066	4127	8936	6755	8150	9093	6292	5328	8288	6631	8638	7245	4430	5532	8792	4616	5972	8364	9667	5974	6120	5613	6690	7070	7995	7155	4676	7016	8806	8701	6637	8865	8245	7957	4532	8785	8795	7486	7146	8102	8891	4796	8443	5909	6985	6830	10042	6126	5958	7236	5353	3880	8834	7237	5359	5347	9782	6627	7256	8503	8607	5095	7526	6324	6270	6923	6329	5893
3171	6436	4438	8059	9105	4204	9012	7508	7682	4902	6361	8606	8318	4946	5715	6253	8586	8669	8054	5099	7548	7758	6174	8302	0	8449	6056	8829	5837	9424	4241	6333	6634	7661	5754	7900	4356	7567	8363	8707	5693	8223	8574	5775	6334	8307	8721	9051	8523	5655	4895	7048	8595	4894	4352	6813	7831	6720	7407	4354	7370	7208	6817	7310	8219	6336	5791	8647	7336	6945	8966	8664	5588	8342	8076	9716	7895	8021	6450	7231	8534	8522	8675	7897	8139	5403	4380	8751	9357	8185	9295	6404	5581	8096
2457	6521	7591	6493	5137	8440	7427	8156	6916	7640	6037	4931	3913	9408	6803	8133	5988	5595	7611	7221	7086	4571	7644	7642	8320	0	6358	7507	6942	5930	8159	7220	7690	7280	6416	5302	8647	6875	7346	6566	6797	6653	5975	6656	8327	5709	6123	6909	6425	8649	7399	5283	7101	8046	8815	6829	6315	6993	6373	7966	8574	6913	6923	7115	6775	7441	7551	6733	6571	7306	4561	6565	9073	5861	5477	5386	6356	7923	6962	6867	6133	6000	7910	5298	3910	7163	8616	6739	7261	5586	6414	8284	8733	5498
1542	4867	5334	6803	6816	6184	7736	8404	6053	5383	3905	6316	6197	7152	4545	6536	6297	6380	7920	4964	5979	5637	5677	7951	6063	6328	0	7816	4519	7134	5902	5626	6917	7590	4292	5611	6390	6310	7655	6875	4375	6962	6284	3898	6070	6018	6432	7218	6734	6550	5142	5221	7410	5789	6558	5234	6575	5398	5782	5709	8266	5638	5248	6054	6963	5018	5294	7042	5707	7228	6822	6874	6816	6170	5786	7426	6665	8232	5368	5975	6442	6309	7047	5607	6018	4906	6359	7048	7570	5896	7006	6687	6476	5807
4153	8217	8070	6581	6802	9030	7515	5074	8612	8601	7569	6302	7259	9998	8498	6595	6372	6366	4529	8798	8781	6699	9339	4199	8909	7390	7889	0	8637	6578	8749	8916	6116	5151	8112	6454	9237	7068	4253	5356	8493	4439	5795	8187	10023	5797	5943	5436	6513	7219	8594	6978	4499	7615	9405	8524	6460	8688	8068	8556	5130	8609	8618	7309	6969	7925	9247	4619	8266	5732	6808	6653	10640	5949	5782	7059	5177	4479	8658	7060	5182	5170	9605	6450	7080	8859	9206	4918	7350	6147	6094	6747	6928	5717
1752	5018	5107	6555	7702	5957	7508	8177	6263	5156	4791	7202	6899	6925	4318	6288	7183	7265	8723	4737	6129	6339	5450	8837	5836	7030	4486	8702	0	8020	5675	5609	6670	7697	4335	6497	6163	6063	8541	7761	3744	7848	7170	4204	5843	6904	7318	8104	7020	6323	4915	5630	8296	5562	6331	5385	6327	5549	5989	5482	8039	5789	5398	5807	6716	4771	5067	7928	5917	6981	7547	7160	6589	6839	6672	8312	7551	8690	5518	5728	7328	7195	7256	6493	6720	4679	6132	7934	7854	6781	7892	6440	6249	6693
3467	7531	8601	5912	4834	9450	6846	7415	7926	8650	6883	5254	5591	10418	7813	7427	5704	5235	6869	8231	8096	6013	8653	6901	9330	5904	7204	6765	7951	0	9169	8230	6948	6539	7426	5769	9657	6400	6604	5005	7807	5912	4524	7502	9337	5129	4310	4759	5844	8052	8409	6293	6360	8572	9825	7839	5792	8003	7382	8976	7832	7923	7933	6640	6300	7316	8561	5991	7581	6565	4960	5984	10083	5281	5096	4135	5615	7181	7972	6391	5392	5259	8920	5765	5770	8173	9626	5276	6681	5478	4085	7579	9108	5031
3010	6275	4277	7898	8944	4321	8851	7347	7520	4741	6200	8444	8157	4849	5554	6091	8425	8508	7893	4938	7387	7597	6013	8140	4201	8288	5895	8668	5675	9263	0	6172	6473	7500	5593	7739	4528	7405	8202	8546	5531	8061	8412	5613	6238	8146	8560	8889	8362	5493	4734	6887	8433	4732	4256	6652	7670	6559	7246	4037	7209	7046	6656	7149	8058	6175	5630	8485	7175	6783	8804	8502	5492	8181	7914	9554	7733	7860	6289	7070	8373	8361	8514	7735	7978	5242	4497	8590	9196	8024	9134	6243	5419	7935
1518	4362	5564	7904	7916	6414	8857	8634	5662	5614	5933	7417	7129	6508	5498	7379	7398	7480	9021	4834	5413	6570	4155	9052	6294	7260	5738	8917	5620	8235	6133	0	7760	8690	5354	6712	6621	7412	8756	7976	5476	8063	7385	5558	5119	7119	7533	8319	7835	6781	5373	5860	8511	6020	6789	4238	7676	4145	5640	5940	8496	4826	5081	7155	8064	6120	4133	8142	5317	8071	7777	7975	5865	7271	6887	8527	7766	9147	3875	7076	7543	7410	6656	6708	6951	4530	6590	8149	8671	6996	8106	7530	6707	6908
4176	7442	5778	6092	7192	6738	7045	6718	8687	6309	7215	6693	7649	7706	6742	4178	6763	6756	6173	6505	8553	7089	7580	6342	6617	7780	6910	6206	6670	7036	6456	7740	0	4700	6759	6845	6944	5599	5878	5746	6526	5261	6186	6628	7974	6188	6333	6089	6556	4802	6302	7369	5633	5322	7112	7809	5864	7973	8413	6263	7133	8213	7822	5343	6252	5508	7198	5685	8341	3983	7198	6696	8348	6340	6172	7450	4933	6622	7856	5264	5572	5561	9680	6841	7470	6809	6913	5790	7390	6537	6676	4330	5858	6107
4186	8250	6809	6614	6835	7769	7548	5769	8645	7340	7602	6335	7292	8737	7774	5210	6405	6399	5224	7537	8815	6732	8612	5392	7649	7423	7942	5257	7702	6636	7488	8771	4730	0	7791	6487	7976	6631	4929	5389	7557	4312	5829	7660	9005	5830	5976	5494	6546	5834	7333	7011	4684	6354	8144	8557	6494	8721	8101	7295	6324	8642	8651	6375	7002	6540	8229	4736	8299	4347	6841	6686	9380	5982	5815	7092	4576	5673	8691	6296	5215	5203	9638	6483	7113	7841	7945	4976	7383	6180	6152	5361	6890	5750
1267	4532	4986	6620	7201	5835	7573	8055	5777	5035	4582	6701	6414	6803	4198	6353	6682	6764	8305	4616	5643	5854	5329	8336	5715	6545	4276	8201	4336	7519	5554	5291	6735	7762	0	5996	6042	6128	8040	7260	4192	7347	6669	4150	5722	6403	6817	7603	7085	6202	4794	5144	7795	5441	6210	4899	6392	5063	5503	5361	7917	5303	4912	5871	6780	4836	4946	7427	5432	7045	7061	7225	6468	6555	6171	7811	7050	8569	5032	5792	6827	6694	6771	5992	6235	4558	6011	7433	7919	6280	7390	6505	6128	6192
1893	5957	7026	5542	5556	7876	6476	7206	6352	7076	5309	5056	4999	8844	6239	7182	5037	5120	6660	6657	6522	4439	7079	6691	7755	5130	5630	6556	6377	5875	7595	6656	6739	6330	5852	0	8083	5924	6395	5615	6233	5702	5024	5928	7763	4758	5172	5958	5474	7699	6835	4718	6150	7482	8251	6264	5364	6428	5808	7402	7623	6349	6358	6164	5825	6840	6987	5782	6006	6355	5562	5614	8509	4910	4527	6166	5405	6972	6398	5916	5182	5049	7346	3604	4820	6599	8052	5788	6310	4636	5746	7333	8169	4547
3458	6723	4725	8346	9392	4491	9299	7795	7969	5189	6648	8893	8605	5701	6002	6540	8873	8956	8341	5386	7835	8045	6461	8589	4356	8736	6343	9116	6124	9711	4528	6620	6921	7948	6041	8188	0	7854	8650	8994	5980	8510	8861	6062	6854	8594	9008	9338	8810	5942	5182	7335	8882	5181	5108	7100	8118	7007	7694	4641	7657	7495	7104	7597	8506	6623	6078	8934	7623	7232	9253	8951	6344	8629	8363	10003	8182	8308	6737	7518	8821	8809	8962	8184	8426	5690	4667	9038	9644	8472	9582	6691	5868	8383
3519	6784	6685	4452	6437	7644	5405	7710	8029	6923	6558	5937	6687	8613	6085	5192	5194	6001	7164	6504	7896	6127	7217	7195	7524	6818	6252	7060	6013	6395	7363	7376	5574	6601	6102	5883	7851	0	6899	6119	5868	6206	5545	5971	7610	4887	5693	6462	4917	5709	6682	6407	6654	6229	8019	7151	4224	7315	7497	7170	8040	7555	7165	4175	4612	4851	6834	6286	7684	5884	6443	5057	8356	4735	5119	6809	5909	7476	7285	3926	5686	5553	9023	5879	6508	6446	7820	6292	5751	4967	6266	5344	6765	5352
4129	8193	7501	6557	6778	8460	7492	4439	8588	8032	7545	6279	7235	9429	8475	6382	6349	6342	3894	8228	8758	6675	9303	4379	8340	7366	7866	4243	8613	6555	8179	8892	5902	4938	8088	6431	8667	7045	0	5332	8469	4335	5772	8164	9696	5774	5919	5412	6490	6859	8025	6955	3845	7045	8835	8501	6437	8665	8044	7986	5310	8585	8595	7285	6945	7712	8920	4596	8243	5519	6784	6630	10071	5926	5758	7036	5153	4659	8634	7037	5159	5147	9582	6427	7056	8532	8636	4895	7326	6124	6070	6533	6358	5693
3261	7325	7820	5690	5910	8780	6624	6207	7721	8351	6677	5411	6367	9748	7607	6220	5481	5474	5662	8025	7890	5807	8448	5693	8659	6498	6998	5558	7746	5014	8498	8025	5741	5332	7220	5563	8986	6177	5397	0	7601	4704	4904	7296	9131	4906	5051	3943	5622	6844	8344	6087	5152	7364	9154	7633	5569	7797	7177	8305	6625	7717	7727	6417	6078	7093	8355	4784	7375	5357	5916	5762	9877	5058	4890	5549	4407	5974	7766	6169	4291	4279	8714	5559	6188	7967	8955	4461	6458	5256	4530	6372	7900	4825
1608	4873	4963	6411	7557	5812	7364	8033	6119	5012	4647	7058	6755	6780	4174	6144	7039	7121	8578	4593	5985	6195	5306	8693	5692	6886	4342	8558	3744	7876	5531	5465	6526	7553	4191	6353	6019	5919	8397	7617	0	7704	7026	4060	5699	6760	7174	7960	6876	6179	4771	5485	8152	5418	6187	5240	6183	5404	5844	5338	7895	5644	5254	5662	6571	4627	4923	7783	5773	6836	7403	7016	6445	6694	6528	8168	7407	8546	5374	5583	7184	7051	7112	6349	6576	4535	5988	7790	7710	6637	7747	6296	6105	6549
3558	7621	7356	5986	6207	8316	6920	5191	8017	7887	6974	5707	6664	9284	7903	5756	5777	5770	4646	8084	8186	6104	8744	4680	8195	6795	7294	4545	8042	5983	8034	8321	5277	4312	7517	5859	8522	6473	4351	4761	7898	0	5200	7592	9552	5202	5348	4841	5918	6380	7880	6383	4106	6900	8691	7929	5865	8093	7473	7841	5612	8014	8023	6714	6374	7086	8776	4024	7671	4893	6213	6058	9926	5354	5187	6464	4582	4960	8063	6465	4587	4575	9010	5855	6485	8388	8492	4323	6755	5552	5499	5908	7110	5122
2601	6664	7734	5046	5197	8584	5980	6548	7060	7783	6016	4697	5731	9552	6946	6561	4837	4311	6003	7364	7229	5147	7787	6034	8463	5838	6337	5899	7085	4533	8303	7364	6082	5672	6560	4902	8790	5533	5738	4958	6941	5045	0	6635	8470	4262	3831	5079	4978	7185	7543	5426	5493	7705	8959	6972	4925	7136	6516	8109	6966	7056	7066	5774	5434	6449	7694	5125	6714	5698	5203	5118	9217	4414	4229	4947	4748	6315	7106	5525	4525	4392	8053	4898	5528	7306	8760	5131	5814	4612	4405	6712	8241	4164
1492	4757	5036	6505	7097	5886	7458	8106	6002	5085	4187	6598	6478	6854	4247	6238	6578	6661	8201	4666	5868	5918	5379	8233	5765	6609	3881	8097	4221	7416	5604	5515	6619	7646	4165	5893	6092	6012	7936	7156	4077	7244	6566	0	5772	6300	6713	7499	6969	6252	4844	5369	7692	5491	6260	5124	6277	5288	5728	5411	7968	5528	5137	5756	6665	4720	4996	7323	5657	6930	7103	7109	6518	6451	6068	7708	6947	8513	5257	5677	6724	6591	6996	5889	6299	4608	6061	7330	7803	6177	7287	6389	6178	6088
2879	5723	5774	8113	9098	6623	9066	8844	7023	5823	6354	8598	8311	4989	5708	7588	8579	8662	9389	5043	6774	7751	4960	9637	6334	8442	6049	10164	5829	9416	6238	5119	7969	8996	5747	7893	6830	7621	9699	9157	5685	9244	8566	5767	0	8300	8714	9500	8578	6990	5582	7041	9692	6229	5582	5599	7885	5506	7001	6149	8705	6187	6442	7365	8274	6329	4577	9324	6678	8280	8958	8718	4346	8397	8068	9708	8947	9357	5236	7286	8724	8591	7388	7889	8132	4739	6799	9330	9412	8178	9288	7739	6916	8089
2500	6564	7621	4384	5149	8581	5318	6422	6960	7683	5916	4650	5606	9549	6846	6129	4245	4713	5877	7264	7129	5047	7687	5908	8461	5737	6237	5773	6949	5108	8300	7264	5955	5546	6459	4802	8788	4871	5612	4832	6805	4919	4258	6535	8370	0	4405	5175	4316	6646	7442	5326	5367	7166	8956	6872	4263	7036	6416	8107	6840	6956	6966	5111	4772	5787	7594	4998	6614	5572	5156	4456	9116	3752	3832	5522	4622	6188	7005	4863	4399	4266	7953	4798	5427	7206	8757	5005	5152	4019	4979	6280	7702	4064
2757	6821	7891	5202	5411	8740	6136	6705	7216	7940	6173	4911	5863	9708	7103	6717	4994	4525	6159	7521	7386	5303	7943	6191	8620	5994	6494	6055	7241	4303	8459	7520	6238	5829	6716	5059	8947	5689	5894	5095	7097	5202	3814	6792	8627	4418	0	4848	5134	7341	7699	5583	5649	7862	9115	7128	5082	7293	6672	8266	7122	7213	7223	5930	5590	6606	7851	5281	6871	5855	5417	5274	9373	4570	4386	4716	4904	6471	7262	5681	4682	4548	8210	5055	5684	7463	8916	5288	5971	4768	4174	6869	8398	4321
3604	7668	8163	6033	5977	9123	6967	6371	8064	8694	7020	5754	6733	10091	7950	6563	5824	5756	5826	8368	8233	6151	8791	5857	9002	6841	7341	5722	8089	4742	8841	8368	6084	5495	7563	5906	9329	6520	5561	3943	7945	4868	5045	7639	9474	5249	4831	0	5965	7187	8687	6430	5316	7707	9497	7976	5912	8140	7520	8648	6789	8060	8070	6761	6421	7436	8698	4947	7718	5700	6102	6105	10220	5401	5233	5277	4750	6137	8109	6512	4634	4622	9057	5902	6532	8310	9298	4118	6801	5599	4258	6715	8243	5168
3207	7271	7666	4429	5856	8626	4672	7129	7666	7904	6623	5357	6313	9594	7066	6174	4910	5420	6583	7485	7836	5753	8198	6615	8506	6444	6944	6479	6994	5815	8345	7970	6555	6253	7083	5509	8833	4916	6318	5538	6850	5626	4965	6953	8592	4307	5112	5881	0	6691	7664	6033	6074	7211	9001	7579	4308	7743	7122	8152	7546	7663	7673	5157	4817	5832	7816	5705	7321	6279	5862	3810	9338	4155	4538	6228	5329	6895	7712	4908	5106	4973	8660	5505	6134	7428	8802	5712	4507	4683	5686	6325	7747	4771
3607	6872	4807	6211	8196	5767	7164	6056	8118	5338	6797	7696	8446	6735	6151	4405	6953	7760	6602	5535	7984	7886	6610	7094	5647	8577	6492	7320	6273	8154	5486	6769	4786	5813	6190	7642	5974	5719	6912	6860	6128	6375	7304	6211	7003	6646	7452	7203	6676	0	5331	7484	6747	4352	6142	7249	5983	7156	7843	5293	6163	7643	7253	5462	6371	5627	6227	6799	7772	5097	8202	6816	7378	6494	6878	8568	6047	6814	6886	5383	6686	6674	9111	7638	8267	5839	5943	6903	7510	6726	7789	4556	4888	7111
2249	5515	4128	7199	8183	4977	8152	7197	6760	4177	5440	7684	7396	5945	4793	5942	7664	7747	7743	4177	6626	6836	5252	7991	4857	7527	5134	8518	4915	8502	4696	5412	6323	7350	4832	6979	5184	6707	8052	8242	4771	7912	7652	4853	5645	7386	7799	8585	7663	5344	0	6127	8284	4583	5352	5891	6971	5798	6486	4503	7059	6286	5895	6450	7359	5414	4869	8336	6414	6634	8044	7803	6392	7482	7154	8794	7584	7710	5528	6371	7810	7677	7754	6975	7217	4481	5153	8440	8497	7263	8373	6093	5270	7174
1225	5289	6359	5965	5979	7208	6899	7629	5684	6408	5063	5480	5192	8176	5571	7605	5460	5543	7084	5989	5854	4632	6411	7115	7088	5323	5326	6980	5709	6298	6927	5988	7162	6753	5184	4775	7415	6347	6819	6038	5565	6126	5448	5449	7095	5182	5595	6382	5897	7575	6167	0	6574	6814	7583	5597	5788	5761	5140	6734	8046	5681	5691	6588	6248	6209	6319	6205	5339	6779	5840	6038	7841	5334	4950	6590	5829	7395	5730	6339	5606	5473	6678	4771	5013	5931	7384	6212	6734	5059	6169	7757	7501	4971
4015	8078	7737	6443	6664	8697	7377	4685	8474	8268	7430	6164	7121	9665	8360	6137	6234	6227	4139	8464	8643	6561	9201	4625	8576	7252	7751	4489	8629	6440	8415	8778	5658	4693	7974	6316	8903	6930	3845	5218	8485	4090	5657	8049	9932	5659	5805	5298	6375	6761	8261	6840	0	7281	9071	8386	6322	8550	7930	8222	5556	8470	8480	7171	6831	7467	9156	4514	8128	5274	6670	6515	10307	5811	5643	6921	5039	4905	8520	6922	5044	5032	9467	6312	6942	8768	8872	4780	7212	6009	5955	6289	6604	5578
2855	6120	4055	6765	8750	5015	7718	6215	7366	4586	6045	8250	8002	5983	5399	4959	7507	8314	6760	4783	7232	7442	5858	7008	4895	8133	5740	7535	5521	8708	4734	6017	5340	6367	5438	7584	5222	6273	7070	7414	5376	6929	7858	5459	6251	7200	8006	7757	7230	4361	4579	6732	7301	0	5390	6497	6537	6404	7091	4541	6076	6891	6501	6017	6925	6020	5475	7353	7020	5651	8756	7370	6626	7048	7432	9122	6601	6728	6134	5938	7240	7228	8359	7580	7823	5087	5191	7457	8064	7280	8343	5110	4287	7665
3666	6931	4933	8554	9600	4957	9507	8003	8176	5397	6856	9100	8813	4193	6210	6747	9081	9164	8549	5594	8043	8253	6669	8796	4352	8944	6551	9324	6331	9919	4256	6828	7129	8156	6249	8395	5108	8061	8858	9202	6187	8718	9068	6269	5582	8802	9216	9545	9018	6149	5390	7543	9089	5388	0	7308	8326	7215	7902	4508	7865	7702	7312	7805	8714	6831	6286	9142	7831	7439	9461	9158	4836	8837	8571	10210	8390	8516	6945	7726	9029	9017	9170	8391	8634	5898	5132	9246	9852	8680	9790	6899	6075	8591
1114	3958	6080	7498	7512	6930	8432	9150	5258	6129	5529	7013	6725	7024	5337	7492	6993	7076	8616	5350	5069	6165	4671	8648	6809	6856	5334	8512	5475	7831	6649	4248	7874	8286	4950	6308	7136	7267	8351	7571	5331	7659	6981	5214	5635	6714	7128	7914	7430	7296	5889	5455	8107	6536	7305	0	7320	3948	5236	6455	9012	4482	4470	7010	7781	5974	4649	7738	4912	8184	7373	7570	6381	6866	6483	8123	7362	8928	3990	6931	7139	7006	6251	6304	6546	5046	7106	7745	8267	6592	7702	7644	7223	6503
2980	7058	6958	3828	5813	7918	4781	7085	7439	7196	6396	5313	6086	8886	6358	5466	4593	5376	6540	6777	7609	5526	7490	6571	7797	6217	6526	6436	6286	5771	7637	7649	5847	6209	6375	5282	8125	4208	6275	5495	6142	5582	4921	6244	7883	4263	5068	5838	4292	5983	6955	5806	6030	6503	8293	7352	0	7516	6895	7444	7503	7436	7438	4448	4108	5124	7107	5662	7094	6158	5819	4433	8629	4111	4495	6185	5285	6851	7485	4200	5062	4929	8433	5278	5907	6719	8094	5668	5126	4366	5642	5617	7039	4727
1278	4122	5988	7662	7677	6838	8597	9058	5422	6037	5693	7177	6890	6932	5501	7656	7158	7240	8781	5258	5173	6330	4579	8812	6717	7021	5498	8677	5639	7995	6557	4156	8038	8450	5114	6472	7044	7431	8516	7736	5495	7823	7145	5379	5543	6879	7293	8079	7595	7204	5797	5620	8271	6444	7213	3945	7485	0	5400	6364	8920	4586	4713	7175	7945	6139	4557	7903	5077	8349	7537	7735	6289	7031	6647	8287	7526	9092	3898	7096	7303	7170	6416	6468	6711	4954	7014	7909	8431	6756	7866	7808	7131	6668
818	4800	6583	7305	7319	7433	8239	8969	4745	6632	5426	6819	6532	8274	5795	7951	6800	6883	8423	6213	5024	5972	5922	8455	7312	6663	5689	8319	5934	7638	7152	5499	8332	8093	5409	6114	7640	7687	8158	7378	5790	7465	6788	5673	6886	6521	6935	7721	7237	7800	6392	5262	7913	7039	7808	5107	7127	5271	0	6959	9386	4998	5662	7469	7588	6433	5900	7545	4399	8118	7180	7377	7632	6673	6290	7929	7168	8735	5241	7390	6945	6812	5738	6110	6353	6155	7609	7552	8074	6399	7509	8102	7726	6310
2818	6083	4085	7706	8752	4435	8659	7155	7328	4549	6008	8252	7965	5092	5362	5899	8233	8316	7701	4746	7195	7405	5821	7948	4314	8096	5703	8476	5484	9071	4053	5980	6281	7308	5401	7547	4641	7213	8010	8354	5339	7870	8220	5421	6214	7954	8368	8697	8170	5301	4542	6695	8241	4540	4499	6460	7478	6367	7054	0	7017	6854	6464	6957	7866	5983	5438	8294	6983	6591	8613	8310	5735	7989	7723	9362	7542	7668	6097	6878	8181	8169	8322	7543	7786	5050	4610	8398	9004	7832	8942	6051	5228	7743
5261	8605	6540	7689	7910	7500	8623	5448	9720	7071	8530	7410	8367	8468	7883	6736	7481	7474	5637	7267	9716	7807	8342	4532	7379	8498	8224	5059	8005	7686	7218	8502	7118	6259	7922	7563	7706	8050	5362	6464	7861	5547	6904	7943	8735	6906	7051	6544	7621	6138	7064	8087	5608	6084	7874	8981	7569	8888	9176	7025	0	9376	8985	7794	8077	7959	7959	5727	9375	6840	7916	7761	9110	7057	6890	8167	6285	4251	8618	7715	6290	6279	10714	7559	8188	7571	7675	6026	8458	7255	7202	6888	5397	6825
1045	4380	6547	7729	7743	7396	8664	9393	5137	6596	5696	7244	6956	7568	5759	7915	7225	7307	8848	5894	4593	6397	5216	8879	7276	7087	5756	8744	5898	8062	7115	4792	8296	8517	5372	6539	7603	7689	8583	7802	5753	7890	7212	5637	6179	6946	7359	8146	7662	7763	6355	5687	8338	7002	7771	4478	7552	4565	5115	6922	9479	0	5227	7433	8012	6397	5193	7969	4791	8543	7604	7802	6926	7098	6714	8354	7593	9159	4534	7354	7370	7237	6130	6535	6777	5590	7572	7976	8498	6823	7933	8066	7689	6735
1460	4385	6057	7692	7721	6907	8644	9127	5717	6106	5572	7221	6934	7864	5269	7425	7202	7285	8825	5687	5496	6374	5511	8856	6786	7065	5267	8721	5408	8039	6625	5088	7806	8495	4882	6516	7113	7199	8560	7780	5263	7867	7189	5147	6475	6923	7337	8123	7639	7273	5865	5664	8315	6512	7281	4467	7464	4716	5695	6432	8989	5156	0	6943	7852	5907	5489	7947	5371	8117	7581	7779	7221	7075	6691	8331	7570	9137	4830	6864	7347	7214	6710	6512	6755	5629	7082	7953	8475	6801	7911	7576	7199	6712
3298	6563	6464	4677	6662	7424	5630	7713	7809	6702	6337	6162	6912	8392	5864	4972	5419	6226	7389	6283	7675	6353	6996	7421	7303	7043	6032	7285	5792	6620	7143	7155	5353	6380	5881	6108	7630	4185	7124	6344	5648	6431	5770	5750	7389	5112	5918	6687	5142	5488	6461	6632	6879	6009	7799	6930	4449	7094	7534	6950	7820	7335	6944	0	4838	4630	6613	6511	7463	5664	6668	5282	8135	4961	5344	7034	6134	7701	7064	3850	5911	5778	8802	6104	6733	6225	7600	6518	5976	5193	6492	5123	6544	5577
3465	7430	7331	4336	6321	8291	5289	7594	7925	7569	6881	5822	6572	9259	6731	5839	5078	5885	7048	7150	8094	6012	7863	7080	8170	6703	6899	6944	6659	6280	8010	8022	6220	6718	6748	5767	8498	4581	6783	6003	6515	6091	5429	6617	8256	4772	5577	6346	4801	6355	7328	6291	6538	6876	8666	7797	4108	7962	7381	7817	8011	7921	7811	4821	0	5497	7480	6170	7579	6531	6327	4941	9002	4620	5003	6693	5793	7360	7931	4573	5571	5437	8918	5763	6393	7092	8467	6177	5635	4852	6151	5990	7412	5236
2268	5533	5623	5385	7369	6473	6337	7859	6779	5672	5307	6870	7415	7441	4834	5118	6126	6933	7999	5253	6645	6855	5966	8128	6352	7546	5002	7992	4762	7328	6191	6125	5499	6526	4851	6815	6679	4892	7704	7051	4618	7088	6478	4720	6359	5820	6625	7394	5849	5634	5431	6145	7460	6078	6847	5900	5157	6065	6504	5998	7966	6305	5914	4636	5545	0	5583	7218	6433	5810	7375	5989	7105	5668	6051	7741	6760	8408	6034	4557	6619	6486	7772	6811	7236	5195	6648	7225	6683	5900	7199	5269	6691	6284
1902	4746	5031	7371	8300	5881	8324	8101	6046	5080	5612	7801	7513	5975	4965	6846	7781	7864	8647	4301	5797	6953	3983	8895	5760	7644	5307	9300	5087	8619	5600	4142	7227	8254	5004	7096	6088	6879	8956	8359	4943	8447	7769	5025	4586	7503	7916	8702	7836	6248	4840	6243	8895	5487	6256	4622	7143	4529	6024	5407	7963	5210	5465	6622	7531	5587	0	8526	5700	7538	8161	7976	5332	7654	7271	8911	8150	8614	4259	6543	7927	7794	7039	7092	7334	3997	6057	8533	8670	7380	8490	6997	6174	7291
3485	7549	7780	5914	6134	8739	6848	5527	7945	8310	6901	5635	6592	9708	7831	6180	5705	5698	4981	8249	8114	6032	8672	5013	8619	6722	7222	4878	7970	5911	8458	8249	5701	4736	7444	5787	8946	6401	4706	4688	7826	4024	5128	7520	9355	5130	5276	4769	5846	6804	8304	6311	4530	7324	9114	7857	5793	8021	7401	8265	5944	7941	7951	6642	6302	7317	8579	0	7599	5317	6141	5986	10101	5282	5114	6392	4510	5293	7990	6393	4515	4503	8938	5783	6413	8191	8915	4251	6682	5480	5426	6332	7446	5049
699	4525	6536	7257	7272	7385	8192	8921	4116	6585	5378	6772	6485	8000	5748	7903	6753	6835	8376	6166	4749	5925	5647	8407	7265	6616	5641	8272	5887	7590	7104	5224	8285	8045	5361	6067	7592	7640	8111	7331	5742	7418	6740	5626	6611	6474	6888	7674	7190	7752	6344	5215	7866	6991	7760	4833	7080	4997	4473	6911	9339	4724	5371	7422	7540	6386	5625	7498	0	8071	7132	7330	7357	6626	6242	7882	7121	8687	4966	7343	6898	6765	5109	6063	6306	6022	7561	7504	8026	6351	7461	8055	7678	6263
4160	7726	6062	6376	6809	7022	7329	6335	8619	6593	7500	6309	7266	7990	7027	4463	6379	6373	5789	6790	8789	6706	7865	5958	6902	7397	7195	5823	6955	6653	6741	8024	3983	4316	7044	6461	7229	5884	5495	5363	6810	4878	5803	6913	8258	5804	5950	5706	6520	5087	6586	6985	5250	5607	7397	8093	6148	8257	8075	6548	6890	8497	8107	5628	6537	5793	7482	5302	8273	0	6815	6660	8633	5956	5789	7066	4550	6238	8141	5549	5189	5177	9612	6457	7087	7094	7198	5406	7357	6154	6292	4614	6143	5724
2957	7021	8091	5897	4176	8941	6831	7561	7417	8140	6522	4122	4231	9909	7303	7573	5678	4786	7015	7721	7586	5071	8144	7047	8820	4545	6843	6911	7442	4969	8659	7721	7094	6685	6916	5408	9147	6385	6750	5970	7298	6058	5219	7141	8827	5114	5450	6127	5829	8159	7900	5783	6506	8679	9316	7329	5777	7493	6873	8466	7978	7413	7423	6625	6285	7301	8051	6137	7071	6711	0	5969	9573	5265	4882	4425	5761	7327	7462	6376	5538	5405	8410	5404	4410	7663	9117	6144	6666	5453	5453	7725	9215	4902
3363	7427	7822	4585	6012	8782	4462	7285	7822	8060	6779	5513	6469	9750	7222	6330	5066	5576	6739	7642	7992	5909	8354	6771	8662	6600	7100	6635	7150	5971	8501	8126	6712	6409	7239	5665	8989	5072	6474	5694	7006	5782	5121	7109	8748	4463	5268	6037	3801	6847	7820	6189	6230	7367	9157	7735	4464	7899	7279	8308	7702	7819	7829	5313	4973	5988	7972	5861	7477	6435	6018	0	9494	4311	4694	6385	5485	7051	7868	5064	5262	5129	8816	5661	6290	7584	8958	5868	4296	4839	5842	6482	7903	4927
3625	6469	6169	8859	9844	6192	9812	9239	7769	6569	7100	9344	9057	4242	6454	7983	9325	9408	9784	5789	7520	8497	5706	10032	5588	9188	6795	10559	6576	10163	5492	5865	8364	9391	6493	8639	6344	8367	10094	9903	6431	9953	9313	6513	4346	9046	9460	10246	9324	7385	6328	7787	10325	6624	4836	6345	8632	6252	7747	5744	9100	6933	7188	8111	9020	7075	5323	10070	7424	8675	9705	9464	0	9143	8815	10454	9625	9752	5982	8032	9470	9337	8134	8635	8878	5485	6368	10077	10158	8924	10034	8135	7311	8835
2652	6716	7469	4232	5301	8429	5166	6574	7112	7707	6068	4802	5758	9397	6869	5977	4397	4865	6029	7288	7281	5198	7839	6060	8309	5889	6389	5925	6797	5260	8148	7416	6107	5698	6611	4954	8636	4719	5764	4983	6653	5071	4410	6687	8394	3752	4557	5327	4164	6494	7467	5478	5519	7014	8804	7024	4111	7188	6568	7955	6991	7108	7118	4960	4620	5635	7619	5150	6766	5724	5307	4304	9141	0	3984	5674	4774	6340	7157	4711	4551	4418	8105	4950	5579	7230	8605	5157	5000	4171	5131	6128	7550	4216
2269	6333	7402	4615	4918	8252	5549	6420	6728	7452	5685	4418	5375	9220	6615	6360	4396	4482	5874	7033	6898	4815	7455	5906	8131	5506	6006	5771	6753	5089	7971	7032	5953	5544	6228	4570	8459	5103	5610	4829	6609	4917	4239	6304	8139	3832	4386	5172	4547	6877	7211	5094	5365	7397	8627	6640	4495	6804	6184	7778	6837	6725	6734	5343	5003	6019	7363	4996	6382	5570	4924	4687	8885	3984	0	5503	4620	6186	6774	5095	4397	4264	7722	4566	5196	6975	8428	5003	5384	4171	4960	6512	7933	3833
3703	7767	8837	6309	4300	9686	7244	7812	8162	8886	7119	4719	5056	10654	8049	7825	6101	5383	7267	8467	8332	5896	8889	7298	9566	5370	7440	7163	8187	4144	9405	8466	7345	6936	7662	6005	9893	6797	7002	5549	8043	6309	4921	7738	9573	5526	4707	5302	6242	8449	8645	6529	6757	8969	10061	8075	6189	8239	7618	9212	8230	8159	8169	7037	6697	7713	8797	6388	7817	6962	4425	6382	10319	5678	5478	0	6012	7578	8208	6789	5789	5656	9156	6001	5235	8409	9862	5820	7078	5876	4628	7976	9505	5428
3210	7273	7012	5638	5859	7972	6572	5873	7669	7543	6626	5359	6316	8940	7555	5413	5429	5422	5328	7740	7838	5756	8396	5359	7852	6447	6946	5224	7694	5703	7691	7973	4933	4561	7169	5511	8179	6125	5063	4413	7550	4370	4852	7244	9208	4854	5000	4756	5570	6037	7537	6035	4818	6557	8347	7581	5517	7745	7125	7498	6291	7666	7675	6366	6026	6743	8432	4450	7323	4550	5865	5710	9583	5006	4839	6116	0	5639	7715	6117	4239	4227	8662	5507	6137	8044	8148	4456	6407	5204	5342	5564	7093	4774
4610	8673	7191	7038	7259	8151	7972	5531	9069	7722	8026	6759	7716	9119	8534	7052	6829	6822	4986	7919	9238	7156	8993	3880	8030	7847	8346	4408	8656	7035	7870	9153	6573	5608	8573	6911	8358	7525	4710	5813	8512	4896	6252	8594	9387	6254	6400	5893	6970	6790	7715	7435	4956	6736	8526	8981	6917	9145	8525	7677	4251	9066	9075	7766	7426	8382	8611	5076	8723	6189	7265	7110	9761	6406	6239	7516	5634	0	9270	7517	5639	5627	10062	6907	7537	8223	8327	5375	7807	6604	6550	7204	6049	6174
1243	4087	5690	7627	7641	6540	8561	8760	5387	5739	5658	7142	6854	6634	5466	7505	7122	7205	8745	4960	5138	6294	4281	8777	6419	6985	5463	8641	5604	7960	6259	3858	7886	8415	5079	6437	6747	7396	8480	7700	5460	7788	7110	5343	5245	6844	7257	8043	7559	6907	5499	5585	8236	6146	6915	3963	7449	3870	5365	6066	8622	4551	4806	7139	7910	6104	4259	7867	5041	8197	7502	7699	5991	6996	6612	8252	7491	9057	0	7060	7268	7135	6380	6433	6675	4656	6716	7874	8396	6721	7831	7656	6833	6632
3193	6458	6358	4428	6412	7318	5381	7607	7703	6596	6231	5913	6663	8286	5758	4866	5170	5976	7139	6177	7569	6103	6890	7171	7198	6794	5926	7036	5686	6371	7037	7050	5247	6274	5775	5858	7525	3935	6875	6094	5542	6182	5521	5645	7284	4863	5668	6437	4892	5383	6356	6382	6630	5903	7693	6825	4200	6989	7429	6844	7714	7229	6838	3849	4588	4524	6508	6261	7358	5558	6418	5032	8030	4711	5095	6785	5885	7451	6958	0	5662	5529	8697	5854	6484	6119	7494	6268	5726	4943	6242	5017	6439	5327
2826	6890	7612	5254	5475	8572	6189	6000	7285	8143	6242	4976	5932	9540	7172	6013	5046	5039	5455	7590	7455	5372	8013	5486	8452	6063	6563	5351	7311	5319	8291	7589	5533	5124	6785	5128	8779	5742	5190	4409	7166	4497	4469	6861	8696	4471	4616	4753	5187	6637	7768	5652	4945	7157	8947	7198	5134	7362	6741	8098	6418	7282	7292	5982	5642	6658	7920	4576	6940	5150	5481	5327	9442	4623	4455	5733	4200	5766	7331	5734	0	3861	8279	5124	5753	7532	8748	4583	6023	4821	5190	6164	7693	4390
2815	6878	7479	5243	5464	8439	6177	5867	7274	8010	6230	4964	5921	9407	7160	5879	5034	5027	5321	7578	7443	5361	8001	5353	8318	6052	6551	5217	7299	5307	8158	7578	5400	4991	6774	5116	8646	5730	5056	4276	7155	4364	4457	6849	8684	4459	4605	4619	5175	6504	7757	5640	4811	7024	8814	7186	5122	7350	6730	7965	6284	7271	7280	5971	5631	6646	7908	4443	6928	5017	5470	5315	9431	4611	4444	5721	4066	5633	7320	5722	3862	0	8267	5112	5742	7520	8615	4450	6012	4809	5179	6031	7560	4378
2032	5858	7869	8590	8604	8718	9525	10254	4789	7918	6711	8105	7817	8798	7081	9236	8086	8168	9709	7499	6082	7258	6980	9740	8598	7948	6974	9605	7219	8923	8437	6557	9618	9378	6694	7400	8925	8973	9444	8663	7075	8751	8073	6959	7409	7807	8220	9007	8522	9085	7677	6548	9199	8324	9093	6166	8413	6330	5806	8244	10672	6057	6704	8755	8873	7719	6958	8830	5067	9404	8465	8663	8155	7959	7575	9215	8454	10020	6299	8676	8231	8098	0	7396	7638	7355	8894	8837	9359	7684	8794	9388	9011	7596
1889	5953	7022	5538	5552	7872	6472	7202	6348	7072	5305	5052	4995	8840	6235	7178	5033	5116	6656	6653	6518	4435	7075	6687	7752	5126	5626	6552	6373	5871	7591	6652	6735	6326	5848	3604	8079	5920	6391	5611	6229	5698	5020	5924	7759	4754	5168	5954	5470	7695	6831	4714	6146	7478	8247	6260	5360	6424	5804	7398	7619	6345	6354	6160	5821	6836	6983	5778	6002	6351	5558	5610	8505	4906	4523	6162	5401	6968	6394	5912	5178	5045	7342	0	4816	6595	8048	5784	6306	4632	5742	7329	8165	4543
2147	6211	7281	6183	5003	8131	7117	7846	6607	7330	5727	4797	3779	9099	6493	7823	5678	5461	7301	6911	6776	4261	7334	7332	8010	3910	6048	7197	6632	5795	7849	6911	7380	6971	6106	4992	8337	6565	7036	6256	6487	6343	5665	6346	8017	5399	5813	6599	6115	8340	7089	4973	6791	7736	8505	6519	6005	6683	6063	7656	8264	6603	6613	6805	6465	7131	7241	6423	6261	6996	4427	6255	8763	5551	5167	5251	6046	7613	6652	6557	5823	5690	7600	4988	0	6853	8306	6429	6951	5277	6280	7974	8423	5188
2025	5134	4634	6974	7958	5484	7927	7704	6434	4683	5215	7459	7171	6153	4568	6449	7440	7522	8250	3904	6185	6612	4371	8498	5363	7302	4909	9025	4690	8277	5203	4530	6830	7857	4607	6754	5691	6482	8559	8017	4546	8105	7427	4628	4764	7161	7574	8361	7439	5851	4443	5902	8553	5090	5859	5010	6746	4917	6261	5010	7566	5598	5670	6225	7134	5189	3988	8184	6088	7141	7819	7579	5510	7257	6929	8569	7808	8217	4647	6146	7585	7452	7427	6750	6992	0	5660	8191	8272	7038	8148	6600	5777	6950
3461	6726	4728	8348	9395	4266	9301	7798	7971	5192	6651	8895	8608	5758	6004	6542	8876	8958	8343	5389	7837	8048	6463	8591	4412	8739	6346	9118	6126	9713	4530	6623	6924	7950	6043	8190	4739	7856	8653	8997	5982	8512	8863	6064	6857	8597	9011	9340	8813	5944	5185	7338	8884	5183	5164	7102	8121	7010	7697	4644	7660	7497	7106	7600	8509	6626	6081	8936	7626	7234	9255	8953	6400	8632	8365	10005	8184	8311	6740	7521	8823	8812	8965	8186	8429	5693	0	9041	9647	8474	9584	6694	5870	8386
3501	7565	7937	5929	6150	8897	6863	5853	7960	8468	6917	5650	6607	9865	7847	6338	5720	5714	5308	8264	8129	6047	8687	5339	8777	6738	7237	5204	7985	5260	8616	8264	5858	4977	7460	5802	9104	6416	5043	4461	7841	4350	5143	7536	9371	5145	5291	4118	5861	6962	8461	6326	4798	7482	9272	7872	5808	8036	7416	8423	6271	7957	7966	6657	6317	7333	8595	4430	7614	5475	6156	6001	10117	5297	5130	5795	4525	5619	8006	6408	4530	4518	8953	5798	6428	8207	9073	0	6698	5495	4775	6489	7772	5065
4051	8115	8499	4897	6700	9459	4078	7972	8510	8737	7467	6200	7157	10427	7899	7006	5753	6264	7427	8318	8679	6597	9031	7458	9338	7288	7787	7323	7827	6658	9177	8814	7388	7097	7916	6352	9665	5748	7162	6382	7682	6469	5808	7785	9424	5150	5956	6725	4489	7523	8496	6876	6917	8043	9833	8422	5141	8586	7966	8984	8390	8507	8516	5989	5649	6665	8648	6549	8164	7122	6706	4287	10170	4998	5382	7072	6172	7739	8556	5740	5949	5816	9503	6348	6978	8260	9634	6555	0	5527	6529	7158	8579	5615
2278	6342	7412	4610	5433	8262	5563	6799	6738	7461	5694	4933	5384	9230	6624	6200	4039	4997	6253	7042	6907	4825	7465	6285	8141	5515	6015	6149	6763	5485	7980	7042	6332	5923	6237	4580	8468	4942	5988	5208	6619	5296	4635	6313	8148	4019	4782	5551	4686	6717	7220	5104	5743	7237	8636	6650	4382	6814	6194	7787	7216	6734	6744	5183	4843	5858	7372	5375	6392	5949	5439	4826	8894	4171	4193	5898	4999	6565	6783	4934	4776	4643	7731	4576	5206	6984	8437	5382	5522	0	5356	6351	7773	4426
3331	7395	8464	5776	5319	9314	6710	7045	7790	8513	6747	5485	6075	10282	7677	7141	5567	5099	6500	8094	7960	5877	8517	6531	9193	6389	7067	6396	7815	4085	9033	8094	6661	6169	7290	5632	9521	6263	6235	4521	7671	5542	4388	7366	9201	4992	4174	4274	5708	7765	8273	6156	5990	8285	9689	7702	5655	7866	7246	8840	7463	7787	7796	6504	6164	7180	8425	5621	7444	6278	5444	5848	9947	5144	4960	4619	5328	6811	7836	6255	5211	5122	8783	5628	6254	8037	9490	4792	6545	5342	0	7292	8821	4895
3946	7212	5548	5862	7825	6508	6815	6797	8457	6079	6985	7325	8097	7476	6512	3752	6604	7388	6805	6276	8323	7537	7350	6974	6387	8228	6680	6839	6440	7668	6226	7510	4305	5332	6529	7292	6714	5369	6511	6379	6296	5894	6818	6399	7744	6297	6966	6722	6326	4572	6072	7817	6266	5092	6883	7579	5634	7743	8183	6033	6903	7983	7592	5113	6022	5278	6968	6318	8111	4616	7831	6466	8118	6145	6529	8082	5566	7254	7627	5034	6205	6193	9450	7289	7918	6580	6684	6422	7160	6377	7308	0	5628	6740
3542	6807	4742	7286	9270	5702	8238	5527	8053	5273	6732	8771	8689	6670	6086	5479	8027	8834	6073	5470	7919	8129	6545	6321	5582	8820	6427	6848	6208	9229	5421	6704	5861	6888	6125	8271	5909	6793	6383	7934	6063	7119	8379	6146	6938	7721	8526	8152	7750	4881	5266	7419	6629	4287	6077	7184	7058	7091	7778	5228	5389	7578	7188	6537	7446	6702	6162	7335	7707	6171	9276	7890	7313	7569	7952	9642	7121	6041	6821	6458	7760	7749	9046	8267	8510	5774	5878	7634	8584	7801	8810	5631	0	8185
2140	6204	7274	4849	4789	8123	5784	6513	6599	7323	5556	4290	5246	9091	6486	6526	4630	4353	5968	6904	6769	4686	7326	5999	8003	5377	5877	5864	6624	5182	7842	6903	6046	5637	6099	4442	8330	5337	5703	4922	6480	5010	4332	6175	8010	4066	4479	5266	4781	7111	7082	4966	5458	7632	8498	6512	4729	6676	6055	7649	6931	6596	6606	5577	5237	6253	7234	5089	6254	5663	4795	4922	8756	4218	3834	5399	4713	6279	6645	5329	4490	4357	7593	4438	5067	6846	8299	5096	5618	4405	5053	6677	8167	0







