250
1
6
100
12
40	50	0	0	0	0	0	0	0	0	0	0	0	0
25	85	0	1	0	1	0	0	0	0	1	0	0	0
22	75	0	0	1	0	1	0	1	0	0	1	0	0
22	85	0	1	0	1	0	0	0	0	1	1	0	0
20	80	0	0	1	1	0	0	1	0	0	1	0	0
20	85	0	1	0	0	0	1	0	0	1	1	0	0
18	75	1	0	0	0	1	0	0	0	1	1	0	0
15	75	1	0	0	0	1	0	0	1	0	1	0	0
15	80	0	1	0	1	0	0	1	0	0	1	0	0
10	35	0	1	0	0	1	0	0	0	1	1	0	0
10	40	0	1	0	0	0	1	1	0	0	0	1	0
8	40	0	0	1	0	0	1	1	0	0	0	1	0
8	45	0	1	0	0	1	0	0	0	1	0	1	0
5	35	0	1	0	0	1	0	0	0	1	0	1	0
5	45	0	0	1	1	0	0	0	0	1	0	1	0
2	40	1	0	0	0	1	0	1	0	0	0	1	0
0	40	0	1	0	0	0	1	1	0	0	0	1	0
0	45	0	0	1	1	0	0	1	0	0	0	1	0
44	5	1	0	0	0	0	1	0	1	0	0	1	0
42	10	1	0	0	0	0	1	0	1	0	0	0	1
42	15	1	0	0	0	0	1	0	0	1	0	0	1
40	5	0	1	0	0	0	1	0	0	1	0	1	0
40	15	0	0	1	0	0	1	0	0	1	0	0	1
38	5	1	0	0	0	0	1	0	0	1	0	1	0
38	15	1	0	0	0	0	1	0	0	1	0	0	1
35	5	1	0	0	0	0	1	0	0	1	0	1	0
95	30	0	0	1	0	1	0	1	0	0	0	0	1
95	35	0	0	1	1	0	0	0	0	1	0	0	1
92	30	0	0	1	0	0	1	0	1	0	0	0	1
90	35	0	0	1	0	1	0	0	0	1	0	0	1
88	30	0	1	0	0	0	1	0	0	1	0	0	1
88	35	0	0	1	0	0	1	0	1	0	0	0	1
87	30	0	1	0	0	0	1	0	0	1	0	0	1
85	25	0	1	0	0	0	1	0	1	0	0	0	1
85	35	0	0	1	0	1	0	1	0	0	0	0	1
67	85	1	0	0	1	0	0	1	0	0	0	0	1
65	85	1	0	0	1	0	0	0	0	1	0	1	0
65	82	1	0	0	1	0	0	0	1	0	0	1	0
62	80	1	0	0	0	0	1	0	0	1	0	1	0
60	80	0	0	1	0	0	1	0	0	1	0	1	0
60	85	1	0	0	1	0	0	0	0	1	0	1	0
58	75	0	1	0	0	1	0	0	0	1	0	1	0
55	80	0	1	0	1	0	0	0	0	1	0	1	0
55	85	1	0	0	0	0	1	0	1	0	0	1	0
55	82	1	0	0	1	0	0	1	0	0	0	1	0
20	82	0	0	1	0	0	1	0	1	0	0	1	0
18	80	0	1	0	1	0	0	0	0	1	1	0	0
2	45	1	0	0	1	0	0	0	1	0	1	0	0
42	5	0	1	0	1	0	0	0	1	0	0	1	0
42	12	1	0	0	0	0	1	0	0	1	0	0	1
72	35	0	1	0	1	0	0	0	0	1	0	0	1
55	20	0	1	0	0	0	1	0	0	1	0	0	1
25	30	0	0	1	0	0	1	1	0	0	0	0	1
20	50	0	1	0	1	0	0	0	1	0	0	1	0
55	60	0	0	1	0	1	0	0	0	1	1	0	0
30	60	1	0	0	1	0	0	0	0	1	0	1	0
50	35	0	0	1	0	1	0	1	0	0	1	0	0
30	25	1	0	0	1	0	0	0	0	1	0	1	0
15	10	1	0	0	0	1	0	0	1	0	0	1	0
10	20	1	0	0	1	0	0	0	0	1	0	0	1
15	60	1	0	0	1	0	0	0	1	0	0	1	0
45	65	0	1	0	0	1	0	0	0	1	1	0	0
65	35	0	0	1	1	0	0	1	0	0	0	1	0
65	20	1	0	0	0	1	0	1	0	0	0	1	0
45	30	1	0	0	1	0	0	0	1	0	0	0	1
35	40	0	0	1	0	0	1	0	0	1	0	1	0
41	37	1	0	0	0	1	0	0	0	1	0	1	0
64	42	0	1	0	0	0	1	0	0	1	0	1	0
40	60	0	0	1	1	0	0	0	1	0	0	1	0
31	52	0	1	0	0	1	0	0	0	1	1	0	0
35	69	0	0	1	0	1	0	0	0	1	1	0	0
65	55	0	0	1	0	0	1	0	0	1	1	0	0
63	65	0	1	0	0	1	0	1	0	0	0	1	0
2	60	0	0	1	0	1	0	1	0	0	0	1	0
20	20	1	0	0	0	0	1	1	0	0	1	0	0
5	5	0	1	0	0	1	0	0	0	1	0	1	0
60	12	1	0	0	0	1	0	1	0	0	0	0	1
23	3	0	0	1	0	0	1	0	0	1	0	0	1
8	56	0	1	0	1	0	0	1	0	0	0	0	1
6	68	0	1	0	0	1	0	0	0	1	1	0	0
47	47	0	0	1	0	1	0	1	0	0	1	0	0
49	58	0	0	1	0	0	1	0	1	0	0	1	0
27	43	0	1	0	0	1	0	1	0	0	0	1	0
37	31	1	0	0	0	1	0	0	0	1	0	1	0
57	29	0	0	1	0	1	0	0	0	1	0	1	0
63	23	1	0	0	0	0	1	1	0	0	0	1	0
21	24	0	0	1	0	0	1	0	0	1	0	0	1
12	24	0	0	1	0	1	0	0	0	1	0	1	0
24	58	1	0	0	0	1	0	0	1	0	0	1	0
67	5	1	0	0	1	0	0	0	1	0	1	0	0
37	47	1	0	0	0	0	1	0	1	0	0	0	1
49	42	0	0	1	0	1	0	1	0	0	0	1	0
53	43	0	0	1	1	0	0	0	1	0	0	1	0
61	52	0	1	0	1	0	0	0	0	1	0	1	0
57	48	0	1	0	1	0	0	0	0	1	0	1	0
56	37	0	0	1	0	1	0	0	0	1	0	1	0
55	54	0	1	0	1	0	0	0	0	1	0	1	0
4	18	0	1	0	0	0	1	1	0	0	0	1	0
26	52	0	1	0	0	1	0	0	1	0	0	1	0
26	35	0	0	1	0	0	1	1	0	0	1	0	0
31	67	0	0	1	0	0	1	0	1	0	0	1	0









